[ITU Region 1 - Europe, Africa]
	
	135.7, 137.8
	472, 479
	1810, 2000
	3500, 3800
	5250, 5450
	7000, 7200
	10100, 10150
	14000, 14350
	18068, 18168
	21000, 21450
	24890, 24990
	28000, 29700
	50000, 52000
	69000, 70500
	144000, 146000
	430000, 440000
	1260000, 1300000

[ITU Region 2 - Americas]

	135.7, 137,8
	472, 479
	1800, 2000
	3500, 4000
	5250, 5450
	7000, 7300
	10100, 10150
	14000, 14350
	18068, 18168
	21000, 21450
	24890, 24990
	28000, 29700
	50000, 54000
	144000, 148000
	420000, 450000
	1240000, 1300000

[ITU Region 3- Asia, Oceania]

	135.7, 137.8
	472, 479
	1800, 2000
	3500, 3900
	5351, 5366
	7000, 7300
	10100, 10150
	14000, 14350
	18068, 18168
	21000, 21450
	24890, 24990
	28000, 29700
	50000, 54000
	144000, 148000
	430000, 450000
	1240000, 1300000